6954767446523
6921804700757
6935739500276
6972785770734
6976070460423
6975302664936
6975302663441
6975172860117
6975102942937
6974008290593
6973230800433
6971488970014
6971106770460
6970653996897
6970031941433
6957729011708
6940756203512
6940067111209
6940067111223
6940067111216
6931839077434
6926365400139
6920208900374
8801073113268
6902890022497
6925303792978
6925303770556
6920152439203
6922577738626
6901668200235
6902182899882
6924743925069
6924743920545
6917878044767
6935145343047
6901668936318
6901668936271
6975176784785
6971006660526
6948939678096
6948773582566
6926475202449
6924743919792
6934660550398
6920907800616
6932571040168
6909409040799
6907376820802
6930487920796
6904915641829
6902083881412
6901236373965
8801048941001
6923644285036
6951957205786
6902083890681
6917878000466
6920907803068
6901586103502
6903148275641
6922577766124
6920584471055
6902934990362
6930305500834
3007004911612
6924743927933
6923589464909
6923589464886
6901668935762
6937003704014
6971120210577
6907992512761
6901668936714
6973230806374
6939924837178
6932939100442
6910019019679
6954432710256
6902088934236
6920174743548
6902022134357
6941849000261
6922646100354
6922646100408
6922646107544
6924743919235
6924743918610
6914973610170
6924743919242
6924187820067
6924187828544
6901845041248
6920907800944
6905734301031
1726853542788280385
6923413863014
6977220090675
6903244681155
6901035605335
6949352214298
6901672500420
6949352200086
6903431119546
6949352205074
6949352200055
6953029710242
6901035605328
6948960102188
6915766002882
6918423330014
6928804010367
6926475203392
4891028664871
4897036692202
4897036691175
6917878030623
6975682480003
6902538004045
6922456892067
6922456891985
6925303721244
6925303725310
6925303754112
6925303739454
6925303730574
6920202888883
6970399923096
6921168593545
6987768593545
6921168594054
6921168593804
6921168559244
6921168593552
6937396000519
6925788301368
6935284412178
6975002885600
6921168558018
6902890257653
6923644266318
6900065623654
6924743919228
6972119550360
8993175537445
6921168504725
6921168550142
6934660516615
6937761805015
6923589467702
6921168597727
6934660511917
6922255465493
6901285993282
6902083892104
6901285991486
6972549660127
6921581597076
6940341889602
6902083885083
6920907825602
9555030107614
9415007058182
8993175548823
8993175540629
8993175537469
6921336821715
6921336821319
8885010233585
8850956033254
8850006304709
8809428441387
8410744008675
6976530920825
8008421700785
6978601920055
6978292860050
6977196401819
6914068025872
6922998300471
6976481800146
6976481800078
6976416410006
6976309550840
6976070461734
6976070461697
6976070461680
6976070461154
6976070461130
6976070460928
6976070460874
6976070460867
6976070460850
6976070460843
6976070460836
6976070460782
6976070460508
6976070460430
6976070460171
6976070460164
6975926300388
6975666818907
6975666816316
6975666816132
6975984490267
6975480150948
6975176783238
6975176783214
6975148874186
6975148871857
6975148871482
6975131550783
6974592770518
6974576000013
6974354668909
6974354668701
6974354668404
6974354665700
6974354665106
6974354665007
6974352531250
6974324350001
6973990230358
6973872500074
6973681260015
6973497203206
6973180860068
6973128460909
6973075230181
6973029301035
6972933568121
6972785770178
6972596160700
6972549660493
6972529105273
6972434755648
6972431340380
6972431340182
6972306783151
6972187464743
6972137889954
6971926042136
6971907255494
6971483740995
6971483740940
6971427270137
6971427270120
6971427270090
6971258743886
6971134600012
6958398300032
6971062129357
6971036765673
6970980189016
6970960521379
6970960520723
6970899372158
6970858606256
6970777190010
6970529182027
6970479741688
6970101752013
6970006621223
6976070460669
6959877501360
6959152300077
6958862308779
6958862300629
6958770002615
6958717869776
6958255941668
6958242251091
6973301950012
6931184120519
6970122690998
6957411104473
6957288300169
6957270977799
6957270970264
6956653488907
6955818221649
6955774500185
6955381400700
6955381400601
6955096327668
6954864735810
6954864726467
6954864705011
6954864704991
6954432710645
6953513296399
6953123500763
6952753886094
6952753886087
6951957205762
6950361041010
6949352233831
6949352232018
6949352232001
6949352224150
6949352201915
6949352200482
6948960102003
6948939685810
6948939673725
6948939651822
6948939647665
6948939602572
6948195876984
6948195840459
6948195811251
6945494101410
6945494101403
6944978700859
6944437022324
6942910302703
6942032700494
6941970704090
6941410726996
6939962766133
6938888889827
6938888889803
6938888888868
6938888888844
6938888888837
6938888888813
6938888881593
6938803940022
6938514105086
6937439916104
6937003703437
6936869215375
6936869215092
6936605800018
6936406103530
6936003512414
6935941200155
6935911800064
6935563286858
6935284400281
6935284400267
6935284400250
6935145317048
6935145315082
6935041525462
6934660560236
6934660554181
6934660550299
6934660550008
6934660539157
6934660524849
6934660516714
6934508912517
6934172100425
6933311066998
6933125609909
6932740902129
6932154838984
6978492180439
6930487901795
6930305500049
6928471360284
6928471322633
6928083900007
6927884400235
6927749807360
69277462219525
6927141520102
6927099414362
6927099407623
6927099404004
6926669112011
6926669112004
6926633400328
6926475204290
6926475204276
6926475204115
6926475202074
6926475201350
6926475200995
6926292517153
6926265339515
6926265339386
6926104974853
6926052515740
6926052515016
6926052512312
6926052512213
6925303796693
6925303795214
6925303793166
6925303740702
6925303714208
6925303711368
6925303714086
6925303710910
6925303701536
6924743926035
6924743925984
6924743925076
6924743922747
6924743922730
6924743919273
6924743919211
6924743915114
6924743915091
6924513909336
6924513906175
6924187866423
6924187821644
6923644285791
6923589467504
6923589464435
6923589464039
6923555210455
6923450683163
6923450656150
6923450605288
6923160520406
6923146105016
6923146102046
6923146100011
6923129534338
6923129517799
6923070100033
6935284470031
6922868286621
6922868284283
6922868283101
6922646101788
6922646101726
6922577790181
6922024730029
6921804700795
6921665730825
6920339096991
6921555542811
6921336822019
6921306301384
6921284451668
6921284451187
6921284451026
6921168599882
6921168594993
6921168560431
6921168504022
6920952767315
6920912366848
6920907810684
6920907801255
6920759612689
6920619198964
6920546800046
6920548862837
6920548862042
6920180240581
6920177943983
6920174788969
6920174772418
6920174761535
6920174754483
6920174751000
6920174746396
6920174742008
6920208907991
6919892633309
6917878045467
6917878009254
6917751430427
6917751430335
6917246015269
6915324006840
6915324006826
6914782202511
6914782114326
6914782114319
6914068019734
6914068016092
6913221010106
6911988014894
6911988009784
6911988009777
6911988009760
6911988007209
6911988006783
6911988006455
6911988005205
6911316600409
6911316540309
6911316350069
6909995113440
6909493632443
6909493401032
6909493401025
6909460400402
6909131266092
6909131266054
6909131169201
6908512208881
6907992828732
6907992825311
6907992824352
6907992823126
6907992822495
6907992821566
6907992512570
6907649545470
6907376500056
6907376311461
6907376203049
6906785015076
6906785005015
6906628448993
6906303888885
6905321911667
6904915642376
6904468226887
6976070460737
6920208900770
6903252000634
6903244681575
6903244675208
6903244673570
6903244673563
6903244375771
6903244370899
6903148334348
6903148329108
6903148323960
6903148323939
6903148316092
6903148252055
6903148225806
6903148222508
6903148144541
6903148099483
6903148091555
6903148091425
6902944880059
6902934987171
6902890259541
6902890257646
6902890229995
6902890012016
6902265470267
6902265240501
6902088428339
6902088419955
6902088411737
6902088127782
6902083915988
6920174736922
6902083813109
6902022135231
6902022132124
6902022130861
6972951280012
6901672650194
6901668936295
6901668200303
6901668200013
6901668054746
6901668005915
6901586105179
6901586103137
6921823506057
6901404300854
6901294179592
6901294175341
4902397820253
6901236379004
6901097720106
6901070604690
6901035614221
6901035614214
6901035201506
6920208924585
6900068800250
4891338025416
4891338019736
4580727262203
3337875665582
3282779035576
3179730109295
6935284400236
6976481800085
6901715292947
6977868137008
6920759613013
6939738700033
6922170800638
6924513905598
